 	11_2014-02-11.11:01:40	11_2014-02-11.11:08:23	12_2014-02-11.11:01:40	13_2014-02-11.11:01:40	14_2014-02-11.11:01:41	15_2014-02-11.11:01:41	16_2014-02-11.11:01:41	17_2014-02-11.11:01:41	18_2014-02-11.11:08:14	19_2014-02-11.11:08:14	20_2014-02-11.11:08:15	21_2014-02-11.11:32:14	22_2014-02-11.11:32:14	23_2014-02-11.11:32:14	24_2014-02-11.11:32:14	25_2014-02-11.11:32:14	26_2014-02-11.11:40:19	27_2014-02-11.11:40:19	28_2014-02-11.11:40:19	29_2014-02-11.11:40:19	30_2014-02-11.11:40:19	31_2014-02-11.11:54:19	32_2014-02-11.11:54:19	33_2014-02-11.11:54:19	34_2014-02-11.11:54:20	35_2014-02-11.11:54:20	36_2014-02-11.11:54:19	38_2014-02-11.12:04:11	39_2014-02-11.12:04:11	40_2014-02-11.12:06:55	41_2014-02-12.11:11:47	42_2014-02-12.11:11:47	43_2014-02-12.11:11:47	44_2014-02-12.11:11:47	45_2014-02-12.11:11:47	46_2014-02-12.11:11:47	47_2014-02-12.11:38:02	49_2014-02-12.11:38:02	50_2014-02-12.11:38:02	51_2014-02-12.11:38:02	52_2014-02-12.11:38:02	53_2014-02-12.11:38:02	54_2014-02-12.11:42:31	55_2014-02-12.11:42:31	56_2014-02-12.11:47:11	57_2014-02-12.11:47:11	58_2014-02-12.11:53:16	59_2014-02-12.11:53:16	60_2014-02-12.11:53:16	61_2014-02-12.11:53:16	
rightthumb1	1	1	1	1	1	1	1	1	1	1	1	1	1	1	1	1	1	1	1	1	1	1	1	1	1	1	1	1	1	1	1	1	1	1	1	1	1	1	1	1	1	1	1	1	1	1	1	1	1	1	
rightthumb0.9	0	0	0	0	0	0.04	0	0	0	0	0	0.06	0.02	0	0	0	0	0.02	0	0	0	0	0	0	0	0	0	0.04	0.02	0.02	0	0	0.02	0	0	0	0	0	0	0	0.04	0.08	0.02	0.02	0	0	0	0	0	0	
rightthumb0.99	0	0	0	0	0	0.06	0	0	0	0	0.02	0.18	0.1	0	0	0	0.06	0.04	0.04	0	0	0	0	0.04	0	0.02	0	0.16	0.04	0.02	0.08	0	0.14	0	0.02	0	0.02	0	0	0	0.1	0.18	0.08	0.16	0	0	0.02	0	0	0	
rightthumb0.999	0.02	0.02	0.04	0	0.1	0.12	0	0.08	0.02	0	0.04	0.3	0.54	0	0	0.02	0.06	0.08	0.06	0.02	0.04	0.02	0	0.14	0	0.1	0.04	0.34	0.14	0.02	0.28	0	0.2	0	0.32	0.06	0.02	0	0	0.02	0.44	0.26	0.36	0.44	0	0	0.12	0.08	0	0	
rightthumb0.9999	0.04	0.04	0.12	0	0.12	0.2	0	0.24	0.08	0	0.08	0.46	0.86	0.12	0	0.14	0.1	0.08	0.14	0.12	0.18	0.08	0.1	0.36	0.02	0.16	0.1	0.66	0.18	0.06	0.56	0.02	0.3	0	0.5	0.16	0.06	0	0.02	0.1	0.74	0.4	0.5	0.62	0	0.02	0.24	0.12	0	0	
rightindex1	1	1	1	1	1	1	1	1	1	1	1	1	1	1	1	1	1	1	1	1	1	1	1	1	1	1	1	1	1	1	1	1	1	1	1	1	1	1	1	1	1	1	1	1	1	1	1	1	1	1	
rightindex0.9	0.02	0.02	0.14	0.06	0	0.02	0	0	0.02	0	0	0.06	0.28	0.04	0.02	0.24	0.36	0.18	0.36	0.06	0.04	0.1	0.28	0	0	0.02	0	0	0.12	0	0	0	0	0	0	0	0.02	0	0	0	0	0	0	0	0	0	0	0.02	0	0	
rightindex0.99	0.06	0.06	0.24	0.1	0.06	0.16	0.04	0.04	0.2	0.06	0	0.24	0.5	0.24	0.2	0.7	0.68	0.5	0.74	0.22	0.2	0.36	0.66	0.16	0.08	0.38	0.22	0	0.64	0.02	0.04	0	0	0	0	0.04	0.02	0	0.02	0	0	0	0	0	0	0	0.04	0.06	0.04	0.04	
rightindex0.999	0.24	0.24	0.44	0.3	0.22	0.48	0.18	0.08	0.36	0.2	0.14	0.54	0.84	0.44	0.4	0.94	0.92	0.86	0.88	0.58	0.52	0.74	0.94	0.52	0.32	0.68	0.34	0.02	0.9	0.12	0.06	0.12	0.02	0.12	0	0.16	0.06	0.08	0.16	0	0.04	0	0.04	0.02	0.02	0.04	0.3	0.24	0.1	0.18	
rightindex0.9999	0.5	0.5	0.74	0.7	0.54	0.78	0.48	0.24	0.6	0.36	0.28	0.84	0.96	0.82	0.68	0.98	1	0.94	0.96	0.82	0.9	0.96	1	0.76	0.64	0.84	0.58	0.08	0.94	0.34	0.18	0.22	0.1	0.24	0.02	0.3	0.12	0.12	0.44	0.06	0.32	0.02	0.16	0.18	0.06	0.12	0.6	0.46	0.34	0.44	
rightmiddle1	1	1	1	1	1	1	1	1	1	1	1	1	1	1	1	1	1	1	1	1	1	1	1	1	1	1	1	1	1	1	1	1	1	1	1	1	1	1	1	1	1	1	1	1	1	1	1	1	1	1	
rightmiddle0.9	0.02	0.02	0	0	0.04	0.02	0	0.02	0	0.02	0	0	0.04	0.02	0.08	0.02	0	0.08	0.02	0.02	0	0.04	0.06	0	0	0.02	0	0.02	0	0	0	0.02	0	0	0	0.02	0	0.02	0.04	0	0	0	0	0	0	0	0	0	0	0	
rightmiddle0.99	0.1	0.1	0	0	0.12	0.04	0	0.06	0	0.12	0	0	0.04	0.02	0.12	0.04	0.06	0.12	0.04	0.14	0	0.1	0.08	0.08	0	0.06	0.02	0.02	0	0.02	0.02	0.02	0	0.02	0	0.02	0	0.02	0.04	0	0.04	0	0	0	0.02	0	0	0	0.06	0	
rightmiddle0.999	0.14	0.14	0.02	0	0.38	0.06	0.02	0.12	0.06	0.18	0	0.02	0.1	0.1	0.28	0.18	0.26	0.28	0.12	0.3	0.08	0.22	0.2	0.26	0.04	0.18	0.08	0.04	0.04	0.02	0.02	0.04	0	0.04	0	0.08	0	0.04	0.16	0	0.04	0.2	0.02	0	0.04	0.02	0.04	0.06	0.3	0	
rightmiddle0.9999	0.26	0.26	0.04	0.06	0.54	0.16	0.08	0.28	0.12	0.28	0.04	0.08	0.14	0.2	0.38	0.42	0.82	0.6	0.2	0.52	0.16	0.34	0.36	0.36	0.16	0.42	0.32	0.04	0.1	0.02	0.14	0.08	0.04	0.26	0	0.12	0.02	0.04	0.38	0.08	0.22	0.36	0.02	0.02	0.12	0.12	0.1	0.18	0.42	0.02	
rightring1	1	1	1	1	1	1	1	1	1	1	1	1	1	1	1	1	1	1	1	1	1	1	1	1	1	1	1	1	1	1	1	1	1	1	1	1	1	1	1	1	1	1	1	1	1	1	1	1	1	1	
rightring0.9	0	0	0	0	0.04	0	0	0	0	0	0	0	0	0.02	0	0	0	0	0	0.1	0	0	0	0	0.02	0	0	0	0.02	0	0	0	0	0	0	0	0	0	0	0	0	0	0	0	0	0	0	0	0	0	
rightring0.99	0	0	0	0	0.04	0	0	0.02	0	0	0	0.02	0.02	0.02	0	0	0.02	0	0	0.2	0	0	0	0	0.06	0.02	0.08	0	0.12	0	0	0.02	0	0	0	0.02	0.02	0	0.06	0	0.02	0.04	0.02	0	0	0	0	0	0	0.02	
rightring0.999	0.02	0.02	0.02	0.04	0.12	0	0	0.12	0	0	0	0.04	0.08	0.06	0	0	0.1	0.02	0.02	0.56	0.02	0.02	0.12	0.08	0.18	0.02	0.2	0	0.26	0	0	0.04	0	0	0	0.12	0.12	0	0.06	0.02	0.02	0.3	0.04	0.22	0.04	0	0.08	0	0	0.3	
rightring0.9999	0.02	0.02	0.02	0.04	0.16	0	0.02	0.2	0.04	0	0	0.04	0.26	0.12	0.04	0.04	0.3	0.08	0.12	0.8	0.04	0.1	0.32	0.24	0.36	0.14	0.4	0	0.56	0	0.04	0.06	0.04	0.02	0	0.18	0.24	0	0.08	0.1	0.1	0.46	0.08	0.48	0.14	0	0.34	0	0.12	0.7	
rightlittle1	1	1	1	1	1	1	1	1	1	1	1	1	1	1	1	1	1	1	1	1	1	1	1	1	1	1	1	1	1	1	1	1	1	1	1	1	1	1	1	1	1	1	1	1	1	1	1	1	1	1	
rightlittle0.9	0.02	0.02	0	0	0	0	0	0	0	0	0	0	0.02	0	0	0	0	0	0	0	0	0	0	0	0	0	0	0	0	0	0.02	0	0	0	0	0	0	0	0	0	0	0	0	0	0	0.02	0	0	0	0	
rightlittle0.99	0.02	0.02	0	0	0	0	0	0.02	0	0	0	0	0.02	0	0	0	0	0.02	0.02	0	0	0.02	0	0	0	0.04	0	0.04	0	0.02	0.02	0	0.02	0	0	0.04	0	0	0	0	0	0	0	0	0	0.02	0	0	0.06	0.04	
rightlittle0.999	0.02	0.02	0	0	0.02	0	0.02	0.06	0.02	0	0.1	0.02	0.08	0	0	0.04	0	0.02	0.08	0	0	0.06	0.02	0	0	0.2	0.02	0.08	0	0.08	0.04	0	0.08	0	0	0.1	0	0	0	0.02	0.02	0	0.02	0	0	0.12	0	0	0.32	0.22	
rightlittle0.9999	0.04	0.04	0.02	0	0.06	0	0.06	0.22	0.04	0	0.26	0.02	0.18	0	0	0.04	0	0.04	0.1	0.08	0.02	0.1	0.04	0.06	0	0.52	0.02	0.08	0	0.16	0.04	0.02	0.08	0	0	0.32	0	0	0	0.04	0.04	0	0.08	0.02	0.02	0.32	0.02	0	0.74	0.52	
leftthumb1	1	1	1	1	1	1	1	1	1	1	1	1	1	1	1	1	1	1	1	1	1	1	1	1	1	1	1	1	1	1	1	1	1	1	1	1	1	1	1	1	1	1	1	1	1	1	1	1	1	1	
leftthumb0.9	0.5	0.5	0.28	0.68	0.54	0.3	0.58	0.24	0.36	0.42	0.08	0.6	0.62	0.26	0.2	0.38	0.4	0.52	0.58	0.42	0.54	0.48	0.42	0.38	0.26	0.36	0.26	0.34	0.26	0.28	0.16	0.16	0.28	0.66	0.02	0.04	0.14	0.2	0.06	0.06	0.02	0	0.4	0.06	0.02	0	0	0.04	0.04	0	
leftthumb0.99	0.96	0.96	0.42	0.96	0.86	0.56	0.84	0.5	0.7	0.72	0.24	0.8	0.8	0.54	0.4	0.6	0.78	0.78	0.86	0.7	0.78	0.82	0.86	0.62	0.6	0.72	0.58	0.62	0.58	0.56	0.26	0.38	0.52	0.88	0.12	0.18	0.36	0.4	0.28	0.2	0.08	0.22	0.7	0.34	0.1	0.28	0.02	0.14	0.22	0	
leftthumb0.999	1	1	0.76	1	0.98	0.76	0.98	0.72	0.84	0.92	0.46	0.96	0.92	0.74	0.58	0.84	0.96	0.92	0.98	0.86	0.9	0.9	0.92	0.84	0.84	0.86	0.76	0.86	0.88	0.84	0.56	0.74	0.74	0.98	0.24	0.38	0.58	0.64	0.48	0.42	0.22	0.36	0.94	0.58	0.28	0.42	0.06	0.38	0.4	0.1	
leftthumb0.9999	1	1	0.92	1	1	0.92	1	0.92	0.96	0.94	0.64	0.96	0.98	0.96	0.76	0.94	0.96	0.98	1	0.98	0.92	0.96	1	0.98	0.94	0.92	0.9	0.98	0.96	0.96	0.72	0.86	0.82	1	0.34	0.56	0.74	0.84	0.6	0.52	0.34	0.5	0.98	0.74	0.52	0.54	0.12	0.54	0.52	0.22	
leftindex1	1	1	1	1	1	1	1	1	1	1	1	1	1	1	1	1	1	1	1	1	1	1	1	1	1	1	1	1	1	1	1	1	1	1	1	1	1	1	1	1	1	1	1	1	1	1	1	1	1	1	
leftindex0.9	0	0	0	0	0	0	0	0	0	0	0	0	0	0.02	0	0	0	0	0	0	0	0	0	0	0.02	0	0	0	0	0	0	0	0.02	0	0	0	0	0	0	0	0	0	0.02	0	0	0	0	0	0	0	
leftindex0.99	0.02	0.02	0	0	0	0.02	0	0	0.02	0	0	0.02	0	0.04	0	0	0	0	0	0	0	0.02	0.02	0	0.02	0	0	0	0.02	0	0.06	0	0.04	0	0	0	0.02	0	0	0	0	0	0.04	0	0.02	0	0	0	0.02	0	
leftindex0.999	0.04	0.04	0	0.12	0	0.04	0.02	0.02	0.08	0	0.04	0.02	0	0.22	0.02	0	0.02	0.02	0.04	0	0.02	0.08	0.02	0	0.06	0	0	0.02	0.14	0	0.12	0.08	0.08	0.06	0.02	0.06	0.08	0	0.06	0.06	0	0	0.06	0	0.02	0	0.04	0	0.04	0.02	
leftindex0.9999	0.06	0.06	0	0.26	0.02	0.12	0.1	0.06	0.14	0.06	0.06	0.08	0.02	0.48	0.1	0.02	0.06	0.04	0.04	0.02	0.02	0.16	0.08	0	0.14	0.04	0.06	0.06	0.3	0	0.22	0.18	0.1	0.16	0.06	0.26	0.2	0.02	0.12	0.12	0.02	0	0.18	0.06	0.04	0	0.06	0	0.12	0.08	
leftmiddle1	1	1	1	1	1	1	1	1	1	1	1	1	1	1	1	1	1	1	1	1	1	1	1	1	1	1	1	1	1	1	1	1	1	1	1	1	1	1	1	1	1	1	1	1	1	1	1	1	1	1	
leftmiddle0.9	0.12	0.12	0	0	0.12	0.02	0	0	0.06	0	0	0.02	0	0	0.02	0	0	0	0.02	0	0	0	0	0.02	0	0.02	0.02	0	0	0	0	0	0.02	0	0	0.02	0	0	0	0	0	0	0.02	0	0.02	0	0.02	0	0	0	
leftmiddle0.99	0.14	0.14	0	0	0.26	0.06	0.02	0.16	0.2	0.04	0	0.06	0	0	0.1	0.02	0	0	0.12	0	0.02	0.04	0	0.04	0	0.02	0.14	0	0.02	0	0	0.06	0.04	0.02	0	0.02	0.02	0	0	0	0	0	0.14	0.02	0.06	0	0.04	0	0	0	
leftmiddle0.999	0.28	0.28	0	0.02	0.58	0.14	0.08	0.3	0.44	0.08	0.04	0.12	0.02	0.06	0.18	0.14	0.02	0.08	0.22	0.06	0.02	0.06	0	0.06	0.04	0.12	0.26	0.08	0.04	0	0.04	0.12	0.26	0.12	0.04	0.08	0.14	0	0	0.02	0	0.04	0.32	0.06	0.14	0.08	0.04	0.04	0	0.02	
leftmiddle0.9999	0.58	0.58	0.06	0.18	0.76	0.34	0.22	0.5	0.76	0.36	0.16	0.26	0.06	0.12	0.3	0.22	0.18	0.24	0.44	0.14	0.1	0.16	0	0.14	0.16	0.28	0.44	0.2	0.26	0.02	0.06	0.18	0.54	0.18	0.1	0.28	0.28	0	0.1	0.06	0.02	0.12	0.4	0.16	0.44	0.38	0.06	0.04	0.04	0.1	
leftring1	1	1	1	1	1	1	1	1	1	1	1	1	1	1	1	1	1	1	1	1	1	1	1	1	1	1	1	1	1	1	1	1	1	1	1	1	1	1	1	1	1	1	1	1	1	1	1	1	1	1	
leftring0.9	0	0	0.06	0.12	0.02	0	0	0.02	0.02	0	0	0	0	0.02	0.04	0	0	0	0.02	0.02	0	0	0	0.02	0	0.02	0	0	0	0.04	0	0	0	0.02	0.02	0	0	0	0	0	0.02	0	0	0	0	0	0	0	0.02	0.02	
leftring0.99	0	0	0.28	0.54	0.06	0.02	0.12	0.22	0.34	0.04	0.16	0.02	0.04	0.12	0.44	0.02	0	0.02	0.08	0.02	0	0.1	0.06	0.1	0.04	0.14	0.12	0.12	0	0.46	0.06	0.1	0	0.12	0.12	0	0.08	0	0.02	0.1	0.08	0.04	0	0.02	0.04	0	0.02	0.02	0.08	0.02	
leftring0.999	0.04	0.04	0.7	0.98	0.16	0.14	0.46	0.6	0.7	0.18	0.4	0.06	0.1	0.5	0.92	0.08	0.02	0.14	0.28	0.08	0.02	0.16	0.22	0.36	0.2	0.36	0.38	0.26	0.08	0.86	0.24	0.36	0.1	0.38	0.34	0.02	0.16	0.06	0.08	0.42	0.3	0.2	0.06	0.08	0.08	0.06	0.1	0.04	0.12	0.14	
leftring0.9999	0.26	0.26	0.98	1	0.44	0.34	0.8	0.84	0.9	0.38	0.6	0.3	0.36	0.82	0.98	0.14	0.1	0.3	0.6	0.18	0.1	0.42	0.5	0.64	0.58	0.72	0.68	0.58	0.26	0.96	0.58	0.8	0.26	0.64	0.6	0.1	0.4	0.2	0.24	0.68	0.56	0.6	0.2	0.2	0.34	0.16	0.34	0.24	0.32	0.26	
leftlittle1	1	1	1	1	1	1	1	1	1	1	1	1	1	1	1	1	1	1	1	1	1	1	1	1	1	1	1	1	1	1	1	1	1	1	1	1	1	1	1	1	1	1	1	1	1	1	1	1	1	1	
leftlittle0.9	0	0	0	0	0	0.04	0.02	0	0	0	0.02	0	0	0	0	0	0	0	0	0	0	0	0	0.06	0	0.08	0	0	0	0.02	0	0.02	0	0.02	0	0	0	0	0	0.14	0.06	0	0.02	0	0	0	0	0	0	0	
leftlittle0.99	0	0	0.02	0.04	0	0.06	0.06	0	0.04	0	0.06	0	0	0	0	0	0.04	0.02	0.02	0.04	0	0	0.04	0.08	0.02	0.16	0	0	0.04	0.14	0	0.02	0	0.06	0.02	0	0	0	0	0.38	0.14	0	0.08	0	0	0	0.04	0	0	0	
leftlittle0.999	0	0	0.12	0.08	0	0.1	0.1	0.06	0.34	0.04	0.06	0	0	0.04	0.02	0	0.06	0.06	0.08	0.12	0	0.02	0.06	0.14	0.06	0.62	0	0.02	0.06	0.4	0.02	0.08	0.04	0.24	0.02	0.02	0	0	0	0.68	0.42	0	0.24	0	0	0	0.1	0	0	0	
leftlittle0.9999	0	0	0.28	0.16	0.02	0.26	0.22	0.06	0.52	0.04	0.08	0	0.02	0.18	0.06	0	0.18	0.12	0.12	0.24	0.04	0.06	0.1	0.28	0.12	0.88	0	0.06	0.16	0.72	0.04	0.16	0.14	0.44	0.04	0.04	0.04	0	0	0.86	0.62	0	0.48	0	0.02	0	0.3	0.02	0.04	0.06	
	0	0	0	0	0	0	0	0	0	0	0	0	0	0	0	0	0	0	0	0	0	0	0	0	0	0	0	0	0	0	0	0	0	0	0	0	0	0	0	0	0	0	0	0	0	0	0	0	0	0	
